c1 = [702.7 222.2];


m1 = [691.2 171.1];


m2 = [674.2 150.3];
m3 = [692.7 120.2];

%%
d1 = sqrt((c1(1,1) - m1(1,1))^2 + (c1(1,2) - m1(1,2))^2)
d2 = sqrt((c1(1,1) - m2(1,1))^2 + (c1(1,2) - m2(1,2))^2)
d3 = sqrt((c1(1,1) - m3(1,1))^2 + (c1(1,2) - m3(1,2))^2)

%%
x0 = cellcenter(1,1);
y0 = cellcenter(1,2);
z0 = cellcenter(1,3);

c143
my143dist = sqrt((c143(:,1) - x0).^2 + (c143(:,2) - y0).^2 + (c143(:,3) - z0).^2);